0.024071
0.025146
0.025810
0.029484
0.033337
0.033918
0.035270
0.036182
0.036887
0.050128
0.049495
0.026601
0.045098
0.044853
0.046663
0.035385
0.039038
0.040227
0.033636
0.035524
0.034838
1.058655
0.034218
0.032190
0.050299
0.048935
0.039017
0.046750
0.048416
0.048201
0.041249
0.046067
0.046580
0.035883
0.039196
0.039362
0.036208
0.038678
0.041667
0.038147
0.033613
0.037279
0.050876
0.046591
0.026027
0.039293
0.041268
0.042168
0.028628
0.029576
0.031908
0.025877
0.027238
0.028949
0.047206
0.046614
0.046204
0.040986
0.042196
0.044457
