0.044337
0.045011
0.024007
0.033596
0.034270
0.038785
1.060095
0.030935
0.031701
3.056751
0.037332
0.040183
0.032409
0.030599
0.032037
0.049096
0.044715
0.024519
0.048607
0.046458
0.046167
0.044198
0.041889
0.046446
0.038203
0.039833
0.040981
0.031167
0.032618
0.034293
0.052325
0.046714
0.026729
0.045168
0.046607
0.047342
0.035781
0.035932
0.037571
0.028140
0.030516
0.030399
1.034342
0.030018
0.032712
0.049309
0.028908
0.018897
0.039790
0.040968
0.041447
0.034097
0.033423
0.034630
0.048149
0.024427
0.029407
